image_width: 1600
image_height: 1200
camera_name: 17211047
camera_matrix:
  rows: 3
  cols: 3
  data: [774.2771019664892, 0, 783.9382797039061, 0, 774.4499110269652, 574.1349763445271, 0, 0, 1]
distortion_model: plumb_bob
distortion_coefficients:
  rows: 1
  cols: 5
  data: [-0.2001681531360416, 0.0768463624779861, -0.0005927855763101185, -0.0005815920248375607, -0.01378036228637175]
rectification_matrix:
  rows: 3
  cols: 3
  data: [1, 0, 0, 0, 1, 0, 0, 0, 1]
projection_matrix:
  rows: 3
  cols: 4
  data: [635.3112182617188, 0, 776.2772262594517, 0, 0, 685.263427734375, 567.0187570974376, 0, 0, 0, 1, 0]